Stage,Wave,WaveReward,MonsterReward,MonsterNum,WaveTotalReward,Total
1,1,10,1,8,18,38
1,2,14,2,10,28,56
1,3,18,3,12,40,84
1,4,22,4,14,54,124
1,5,26,5,16,70,178
1,6,30,6,18,88,248
1,7,34,7,20,108,336
1,8,38,8,22,130,444
1,9,42,9,24,154,574
1,10,46,10,26,180,728